T1
2,2535 kOhm
3746,6 K

-1,73592
1,09563
-0,233459
0,0229947
-0,000922400

T2
2,2652 kOhm
3750,1 K

-2,12763
1,40062
-0,319406
0,0337046
-0,00140850

T3
2,2631 kOhm
3743,8 K

-2,17313
1,44996
-0,337063
0,0362010
-0,00152820

T4
2,2631 kOhm
3749,4 K

-2,06472
1,37415
-0,319461
0,0344214
-0,00145930

T5
2,2631 kOhm
3745,3 K

-2,35699
1,63195
-0,392907
0,0428522
-0,00179770


T6
2,2501 kOhm
3741,2 K

-2,04279
1,41658
-0,345474
0,0385267
-0,00165380


T7
2,2549 kOhm
3742,3 K

-2,17253
1,49893
-0,366162
0,0412033
-0,00178920

T8
2,2676 kOhm
3742,5 K

-2,20485
1,46011
-0,337051
0,0360935
-0,00152590


